0 2 13 27 0 
1 10 6 13 2 0 1 
2 1 4 15 2 
3 8 9 40 1 2 
4 10 12 47 2 0 
5 5 7 22 0 1 2 
6 13 7 20 2 1 0 
7 7 13 44 2 1 0 
8 2 1 16 2 
9 11 13 34 0 2 
10 10 13 42 2 
11 1 12 16 2 1 0 
12 4 7 25 0 2 1 
13 7 2 31 1 0 
14 11 5 45 0 
15 3 2 28 0 1 
16 10 4 12 1 
17 12 5 12 1 0 2 
18 12 11 49 1 2 0 
19 2 8 26 1 2 
20 7 12 10 0 2 1 
21 4 10 34 0 2 1 
22 7 10 20 0 1 2 
23 13 9 29 1 
24 3 9 43 2 1 
25 9 4 45 1 
26 13 1 34 0 2 1 
27 11 12 13 2 1 
28 11 2 17 0 2 1 
29 2 12 18 2 1 0 
30 8 7 47 0 2 1 
31 9 6 18 1 
32 4 12 14 1 0 
33 12 10 11 0 2 1 
34 13 4 18 0 1 
35 7 8 43 0 1 
36 13 10 47 2 
37 1 9 34 2 1 
38 8 6 44 0 2 1 
39 12 1 31 2 0 1 
