0 5 6 25 1 0 2 
1 6 7 20 2 0 1 
2 8 7 22 1 
3 1 3 27 1 2 0 
4 2 12 34 2 1 0 
5 11 13 20 2 1 
6 3 12 35 2 
7 12 13 11 0 
8 5 9 22 1 0 2 
9 12 2 29 1 2 0 
10 13 5 23 2 1 
11 10 11 19 2 1 
12 1 6 41 2 
13 4 13 12 0 
14 6 1 10 0 1 
15 6 11 35 2 0 
16 8 13 24 2 
17 10 3 43 0 
18 9 13 31 1 
19 8 2 32 0 2 1 
20 9 2 10 0 
21 11 9 35 2 0 
22 2 3 48 2 
23 2 13 47 0 2 
24 1 7 34 0 1 
25 9 8 38 1 2 0 
26 13 12 16 2 0 1 
27 6 4 13 0 2 
28 6 9 39 0 
29 7 12 37 2 1 
30 12 9 43 2 1 0 
31 7 4 27 0 1 2 
32 9 4 17 2 0 1 
33 13 10 27 2 0 
34 1 12 43 1 0 
35 3 8 41 0 1 2 
36 10 12 29 0 2 
37 11 12 17 1 0 2 
38 6 2 40 0 2 
39 11 2 40 1 2 
40 7 3 10 0 
41 13 8 43 2 1 
42 10 5 22 0 2 1 
43 5 12 25 2 1 0 
44 1 4 26 2 0 1 
45 11 6 36 2 1 0 
46 2 8 18 0 1 
47 1 11 19 1 0 2 
48 6 10 29 1 
49 4 8 10 0 
