0 5 13 36 1 0 
1 2 5 27 1 
2 8 1 31 2 
3 9 4 11 1 
4 12 4 44 2 
5 1 8 24 1 2 
6 8 10 49 2 
7 10 6 13 2 
8 8 13 45 1 
9 7 6 33 2 0 1 
10 10 7 14 2 0 1 
11 1 3 14 1 0 
12 12 7 25 1 0 2 
13 2 10 36 0 2 
14 13 12 26 0 
15 2 1 41 1 2 
16 4 5 42 0 1 2 
17 12 3 44 2 1 
18 1 7 18 2 
19 9 13 26 0 2 1 
20 10 2 25 1 0 2 
21 10 5 16 1 0 2 
22 8 4 47 0 2 1 
23 9 5 48 1 
24 2 8 48 1 
25 11 1 28 2 0 1 
26 2 6 47 1 
27 3 1 39 1 2 
28 10 13 25 2 0 1 
29 13 8 11 2 0 1 
30 2 7 38 2 
31 5 1 33 2 0 
32 3 2 16 0 2 1 
33 10 3 16 0 1 
34 3 13 11 2 1 
35 4 13 36 0 1 2 
36 4 9 34 1 
37 5 4 14 0 1 2 
38 6 9 15 1 0 2 
39 7 8 30 0 1 
40 3 6 39 1 2 
41 1 2 40 2 1 
42 6 7 18 1 2 
43 13 6 44 2 0 1 
44 4 7 32 2 0 
45 9 10 34 2 
46 9 7 32 0 
47 13 2 15 2 
48 9 8 18 0 1 
49 13 7 38 0 1 
50 11 4 36 2 1 
51 6 11 24 2 
52 1 10 15 1 2 0 
53 11 6 47 2 0 1 
54 11 10 40 0 
55 5 6 31 0 1 
56 8 3 13 1 2 0 
57 7 4 21 1 
58 10 4 18 2 1 
59 1 12 42 1 0 
