0 5 9 19 0 2 1 
1 8 10 20 2 0 1 
2 3 7 38 0 
3 13 7 23 1 0 
4 2 8 37 1 
5 13 3 14 2 1 0 
6 1 4 17 1 2 0 
7 12 6 20 1 
8 6 10 40 0 1 2 
9 8 7 14 1 2 
10 1 6 37 2 1 
11 7 3 11 0 1 2 
12 2 11 37 0 1 2 
13 10 8 35 1 0 
14 9 4 18 0 1 
15 2 5 34 0 1 2 
16 10 13 17 2 1 
17 9 12 40 0 
18 12 13 14 2 
19 10 3 35 2 1 0 
20 4 6 19 0 
21 3 5 30 2 0 1 
22 9 11 27 0 2 
23 13 8 44 2 1 0 
24 7 5 46 2 1 
25 7 10 16 1 2 0 
26 13 5 41 0 1 2 
27 6 11 12 1 
28 8 3 32 1 2 0 
29 6 8 40 1 0 2 
30 7 6 26 0 1 2 
31 10 5 14 2 
32 6 5 10 1 
33 10 6 38 0 2 
34 8 2 15 2 0 
35 11 6 26 1 
36 12 3 17 1 2 
37 6 7 25 2 
38 9 1 37 2 1 
39 12 5 38 2 0 
40 2 12 21 1 
41 8 4 16 0 
42 1 12 38 2 0 
43 12 4 21 0 1 2 
44 10 9 37 2 
45 1 9 15 0 2 
46 4 1 26 2 0 
47 13 9 21 0 2 
48 12 9 30 1 0 2 
49 12 7 14 0 2 1 
50 8 9 39 0 
51 5 3 43 1 2 
52 11 10 34 2 0 1 
53 3 13 43 0 1 2 
54 13 2 41 0 
55 11 5 47 2 1 0 
56 1 5 49 0 1 
57 9 6 10 2 0 
58 2 4 26 2 
59 5 1 20 0 2 
60 2 1 29 0 2 
61 9 7 11 0 
62 3 8 47 0 
63 7 1 27 1 
64 4 2 43 1 2 0 
65 1 10 43 1 2 0 
66 2 10 39 1 0 
67 2 7 46 1 
68 3 6 45 1 
69 11 9 13 0 
