0 12 13 12 1 2 0 
1 2 4 16 2 0 
2 9 1 49 0 2 1 
3 9 10 35 0 2 1 
4 13 8 13 0 1 2 
5 2 12 46 0 1 2 
6 7 6 17 1 0 
7 6 1 44 0 2 
8 13 3 34 0 1 2 
9 12 9 31 1 2 0 
10 2 5 44 2 
11 10 9 11 0 
12 2 10 35 0 
13 2 1 31 1 2 
14 13 12 24 1 2 
15 3 10 39 2 0 1 
16 12 5 37 2 
17 5 2 43 1 
18 10 7 37 2 
19 1 7 24 2 
20 5 6 25 1 
21 13 5 24 0 
22 8 10 31 2 
23 3 13 33 2 
24 13 1 15 1 2 0 
25 7 8 48 0 
26 11 6 38 0 1 
27 10 2 32 1 
28 7 11 37 1 2 0 
29 1 6 34 1 0 
30 6 3 17 1 
31 7 4 24 2 1 0 
32 9 6 24 0 1 
33 7 12 18 1 
34 8 12 29 2 0 
35 11 8 43 0 1 2 
36 5 3 17 0 
37 8 9 38 1 0 
38 1 2 27 1 
39 5 12 43 2 1 
40 13 2 36 2 1 0 
41 10 8 31 2 1 0 
42 2 13 30 0 2 
43 11 4 44 1 2 
44 4 8 21 1 
45 2 6 18 0 1 2 
46 13 4 45 0 
47 6 5 19 2 1 0 
48 4 12 19 1 
49 12 4 42 0 
50 5 8 48 2 1 0 
51 11 1 24 2 1 0 
52 13 7 16 1 0 2 
53 4 2 48 1 
54 1 12 15 0 
55 10 3 13 1 0 
56 6 13 44 2 1 
57 3 4 25 1 2 0 
58 12 7 17 0 1 
59 5 1 19 1 2 0 
60 7 10 20 0 2 
61 10 13 20 0 
62 10 6 28 2 0 
63 8 6 39 1 0 
64 6 2 40 0 2 1 
65 11 5 17 0 
66 4 6 13 0 2 1 
67 11 7 38 1 
68 6 4 24 1 2 0 
69 8 1 16 1 2 0 
70 9 5 28 1 
71 1 10 35 1 0 2 
72 6 9 41 2 1 
73 4 7 46 0 1 2 
74 8 2 11 1 0 2 
75 6 10 12 0 1 2 
76 6 8 20 2 0 1 
77 7 1 13 1 2 
78 5 10 14 2 0 
79 12 1 11 1 0 2 
