0 18 20 18 1 0 
1 13 10 47 0 1 
2 7 14 39 0 2 1 
3 5 22 27 1 0 2 
4 5 23 28 1 
5 6 23 34 2 
6 22 21 34 1 0 
7 17 8 31 1 
8 22 5 24 1 0 2 
9 6 16 46 0 1 
10 3 13 23 1 2 0 
11 4 5 24 2 1 
12 9 13 36 1 
13 15 19 41 2 
14 9 1 25 1 0 2 
15 16 21 32 2 
16 4 3 37 1 0 
17 17 21 37 1 2 
18 16 20 34 2 1 
19 8 19 47 0 
20 22 9 44 0 2 1 
21 1 10 27 2 1 
22 11 22 16 1 
23 9 7 14 0 1 2 
24 17 13 39 2 1 0 
25 17 1 38 2 
26 21 13 24 1 2 
27 10 12 49 2 
28 14 15 47 0 1 
29 4 14 36 2 0 1 
30 16 10 20 0 
31 7 19 43 2 0 
32 11 16 19 2 
33 7 17 30 1 
34 14 8 10 2 1 
35 9 17 44 1 2 0 
36 11 5 37 1 2 
37 15 1 29 2 1 
38 6 19 43 2 1 
39 3 4 26 1 0 
