0 12 22 24 1 0 2 
1 9 12 29 1 0 2 
2 2 18 19 2 
3 20 19 48 2 0 
4 5 8 41 0 2 
5 5 14 14 2 
6 11 6 13 2 
7 5 7 48 2 
8 9 15 47 1 0 
9 23 4 20 1 2 
10 15 13 18 2 0 
11 19 14 33 0 2 1 
12 23 12 24 1 2 0 
13 10 6 39 1 0 
14 9 14 17 2 1 0 
15 21 13 26 1 
16 23 16 46 1 2 
17 10 23 17 1 
18 8 2 24 0 2 1 
19 1 15 23 2 0 
20 19 8 12 0 
21 18 10 25 2 0 
22 5 23 32 0 2 1 
23 4 6 10 0 1 2 
24 19 6 42 2 0 
25 13 7 12 1 
26 15 14 10 0 1 2 
27 1 18 34 1 0 2 
28 20 17 19 1 0 
29 15 2 46 2 
30 14 11 39 0 2 
31 23 1 13 1 2 
32 19 12 21 0 
33 7 5 11 1 2 0 
34 14 1 21 2 
35 2 20 46 2 1 
36 11 21 40 2 0 
37 7 6 21 2 1 
38 18 4 20 2 0 1 
39 23 21 23 1 0 
40 10 22 18 2 0 
41 11 23 29 2 1 0 
42 18 12 44 1 0 2 
43 10 1 28 2 
44 21 12 12 2 
45 11 20 39 2 
46 7 12 48 1 2 
47 22 2 18 2 1 0 
48 17 4 14 0 
49 16 5 34 0 
