0 7 20 41 0 1 
1 6 18 25 1 2 
2 19 9 35 1 
3 13 6 42 0 1 
4 9 17 14 0 
5 12 22 41 2 1 
6 14 6 21 1 2 0 
7 14 10 26 0 1 
8 6 22 28 0 1 2 
9 16 2 24 0 1 2 
10 11 6 46 1 0 
11 11 5 29 0 
12 11 8 18 1 0 2 
13 17 6 46 0 2 1 
14 1 4 36 2 
15 22 6 28 1 2 0 
16 13 11 38 2 
17 12 2 15 2 0 1 
18 1 23 12 0 1 2 
19 7 2 35 2 0 
20 17 3 25 1 0 2 
21 8 13 24 0 2 
22 5 17 29 2 
23 13 20 32 1 2 
24 10 22 18 0 
25 15 5 34 1 0 
26 20 10 31 2 
27 12 18 32 2 1 0 
28 20 8 28 2 
29 18 1 28 1 0 
30 21 18 41 1 0 
31 14 2 46 2 0 1 
32 9 14 22 2 1 0 
33 5 10 30 0 2 1 
34 23 14 20 1 0 2 
35 8 17 39 0 1 2 
36 16 23 19 1 0 2 
37 21 10 36 0 2 
38 8 11 46 0 
39 7 17 41 1 
40 13 23 35 0 2 1 
41 3 6 24 2 0 
42 6 9 10 0 1 2 
43 17 18 17 0 
44 17 7 28 2 
45 4 13 23 2 1 
46 4 8 17 1 2 0 
47 22 17 49 0 2 
48 10 17 28 0 
49 12 8 20 0 1 
50 2 22 36 1 
51 5 20 14 2 
52 4 18 17 2 
53 11 14 37 2 0 
54 19 11 41 1 0 
55 6 1 21 2 
56 3 18 47 1 0 
57 4 5 11 2 0 
58 20 6 48 2 1 0 
59 7 23 43 1 0 2 
