0 11 13 28 1 2 0 
1 1 14 25 2 1 
2 19 10 46 0 
3 15 19 28 2 1 
4 5 7 28 1 0 
5 18 10 11 0 2 1 
6 3 11 11 0 1 
7 14 23 10 1 0 2 
8 9 11 17 1 2 
9 20 16 25 2 
10 22 16 49 1 0 
11 11 2 11 2 0 
12 9 23 45 2 
13 3 5 43 2 
14 6 13 17 2 1 0 
15 8 10 36 0 1 2 
16 23 17 49 2 
17 20 8 12 0 1 2 
18 3 17 40 1 
19 9 5 21 2 0 
20 8 19 34 0 2 
21 3 23 15 0 
22 22 11 14 1 0 
23 10 1 34 2 1 0 
24 7 23 29 2 0 
25 6 23 21 1 0 
26 6 16 18 2 0 
27 2 21 23 1 2 0 
28 17 21 47 2 1 0 
29 22 7 40 1 2 
30 1 2 24 1 0 
31 10 17 31 1 0 
32 16 14 40 0 1 2 
33 9 14 27 1 
34 16 11 45 1 2 
35 18 16 49 0 1 2 
36 11 7 18 0 
37 17 13 47 1 0 2 
38 23 5 12 2 
39 13 1 14 1 
40 1 11 16 2 1 0 
41 15 13 40 2 
42 15 18 33 2 0 
43 1 22 16 0 1 2 
44 12 21 39 0 1 
45 5 13 23 2 
46 10 3 37 2 1 
47 2 12 27 0 2 
48 4 8 36 2 0 1 
49 22 6 47 2 1 
50 11 10 27 0 1 
51 9 7 31 2 1 0 
52 14 12 25 1 0 
53 17 9 22 2 0 
54 15 1 36 2 
55 19 21 12 1 0 2 
56 1 10 38 2 0 1 
57 20 23 24 2 
58 23 12 26 0 1 
59 20 5 31 1 2 0 
60 8 13 22 1 0 2 
61 14 19 15 0 
62 10 20 40 1 2 
63 15 5 32 0 
64 10 2 36 1 
65 19 23 19 0 2 1 
66 7 14 37 2 
67 18 11 19 2 0 
68 2 1 41 0 2 
69 2 6 14 2 0 1 
