0 10 2 49 1 
1 11 5 18 2 0 1 
2 2 17 25 2 1 
3 5 18 44 0 2 1 
4 1 23 30 1 2 
5 2 16 15 2 
6 18 1 24 0 1 
7 4 21 34 1 
8 6 12 25 0 2 1 
9 3 5 38 2 1 0 
10 17 22 33 2 1 
11 11 18 42 2 
12 11 7 46 2 1 0 
13 13 2 25 2 0 1 
14 3 17 31 0 
15 3 6 14 1 2 0 
16 15 17 15 1 0 
17 7 5 49 1 2 0 
18 10 7 31 2 0 
19 20 15 35 0 
20 16 5 20 2 0 1 
21 15 2 12 0 2 
22 7 14 45 1 2 
23 12 2 18 1 2 
24 9 3 30 1 
25 18 13 27 0 2 
26 4 2 45 1 2 0 
27 20 1 49 1 2 0 
28 16 19 14 2 0 1 
29 11 10 25 1 2 
30 20 18 17 1 2 0 
31 19 9 25 1 
32 10 15 43 1 
33 7 18 19 1 0 2 
34 9 18 16 2 0 1 
35 18 6 29 1 2 
36 12 7 23 2 
37 1 13 35 2 
38 18 8 19 2 1 0 
39 16 10 33 1 0 
40 4 18 15 0 
41 10 11 31 0 2 
42 10 8 45 0 2 
43 11 2 42 0 
44 17 19 39 0 2 
45 19 22 28 1 2 
46 18 19 23 0 2 1 
47 6 2 10 1 0 
48 4 3 33 0 2 
49 1 11 32 1 0 2 
50 4 16 41 1 2 
51 2 6 41 1 2 
52 19 20 43 2 
53 9 22 37 0 2 1 
54 15 23 17 2 1 
55 23 1 26 1 0 
56 11 1 16 2 0 1 
57 13 22 39 0 2 
58 8 3 11 1 0 
59 9 10 27 2 0 
60 7 16 16 2 0 1 
61 17 7 14 0 
62 23 11 35 1 
63 9 19 12 0 1 2 
64 5 11 21 1 
65 22 9 34 2 0 
66 18 11 23 0 1 
67 6 13 28 1 
68 13 5 12 0 1 2 
69 14 20 40 0 
70 12 10 23 1 
71 4 13 14 0 1 
72 19 5 48 1 2 
73 2 9 43 0 2 
74 22 19 41 1 0 2 
75 10 19 45 2 
76 2 13 36 2 
77 16 1 49 1 2 
78 5 8 36 2 0 
79 20 8 49 2 0 
